error: 124.15696671851359
lstsq error: 91.08391754159372
GPU1 error: 122.27301413768846
GPU2 error: 124.15696671851359
optimal x: [ 2.27285781e-02 -1.93526476e-02 -6.30362300e-03 -5.03365651e-03
  1.49806487e-02  1.98968899e-02 -4.52594827e-02  2.08088861e-02
  3.17828486e-02 -3.76422439e-03 -6.28649806e-03  3.46114779e-02
  3.09353589e-03 -2.40286236e-02  3.73393501e-03 -4.87351266e-02
 -4.82165589e-02 -4.30739472e-02 -2.21436568e-02  5.67097510e-02
 -4.95196746e-02 -2.51591521e-02  2.29039440e-02 -4.45444684e-02
  5.33753199e-03 -1.56934211e-02 -1.68244662e-02  4.75821599e-02
  1.36324326e-02 -4.46557518e-02  3.58591706e-02  7.52959037e-03
 -3.36195374e-02 -1.52109705e-02 -1.48299786e-02 -2.33969086e-02
 -1.62392271e-02  3.63354743e-02  6.00547207e-02 -9.90172357e-03
  4.80754482e-02 -3.09146080e-02  5.07834121e-02 -2.13524423e-02
 -1.33549988e-02 -3.50002091e-02  1.80068177e-02  2.58877798e-02
 -5.97019605e-02 -6.04863579e-02  2.06854877e-02 -7.38281235e-03
 -3.12107216e-02  7.34892274e-03  3.61604649e-02 -6.40240505e-03
  2.55255960e-02  4.72957285e-03  4.75644144e-03  8.99841062e-04
 -1.28823473e-02 -5.45774531e-02 -3.19877188e-02 -4.54806204e-02
 -2.01746048e-02  1.29864092e-02 -8.44479649e-03 -1.93368324e-02
  2.12319283e-02 -2.12862628e-02 -3.38274966e-02  1.69009100e-02
 -3.15985548e-03  1.00077068e-02 -2.45438320e-02 -2.41162159e-02
  1.75540770e-02 -2.16963219e-02  3.77331744e-02  3.65620339e-02
  6.81342253e-02  2.63214128e-02 -5.58319950e-02  4.08211776e-02
 -9.06428246e-03 -2.48112240e-02  3.56081454e-02  2.24842012e-02
  5.53591388e-02 -2.82133250e-02 -5.36299941e-02 -2.14886087e-02
  9.76668107e-03 -1.17621754e-02 -4.54207014e-02 -2.64124161e-02
 -3.65455270e-02  6.28828951e-03  4.27282439e-02  9.79869661e-03
  2.47618211e-02 -5.64048887e-02  6.22821211e-03  2.81485787e-03
  4.22461825e-02  2.44508770e-02  1.44137057e-02  6.49923126e-03
 -8.40384355e-03  2.80886610e-02  2.74014895e-03 -3.99371414e-02
  5.74186537e-02 -1.29664040e-02 -8.84688644e-04  2.54497675e-02
 -2.59205163e-02  1.40646383e-02 -4.80273573e-03 -3.24436243e-02
 -1.42578167e-02 -3.93575113e-03  7.17524615e-03 -4.83839505e-02
  1.49170377e-02  7.49663090e-03  1.31980532e-02 -9.80512853e-03
 -6.06510659e-02 -3.60282996e-04  4.41007513e-02  2.94854736e-02
  2.64931719e-02 -6.15673629e-02  4.08148054e-02  7.37109744e-03
 -1.56583775e-02  6.11545326e-02 -5.50518424e-04  1.19487236e-02
  2.09384089e-02 -2.97715305e-03 -2.55225182e-02  1.85417664e-03
  7.99659233e-03 -2.21656531e-02 -7.90860036e-03 -6.37754787e-03
 -1.11943341e-02  1.25112543e-02 -1.89980225e-04  3.23073690e-02
  2.16751221e-02 -1.56148747e-02 -6.06631678e-03  1.40597915e-02
 -2.79227017e-02  3.23064102e-02  9.42529781e-03  6.21411705e-02
  1.71916718e-02 -1.35705625e-02 -1.51611824e-02  8.28504581e-03
 -1.21091094e-02  1.56784740e-02 -5.22814305e-03 -6.00366504e-03
 -8.12147590e-03 -1.39866810e-02 -2.10006820e-03  1.88979201e-02
  2.00150809e-02 -6.10911911e-03  6.58996048e-03 -2.02470653e-02
  1.99325239e-02  4.94475564e-02 -3.51407849e-02 -9.33159228e-03
  6.05131225e-02  4.94100956e-02  9.51312019e-03 -3.39367592e-02
  4.07001214e-02  2.25147510e-02  4.27569224e-02  1.79678928e-02
 -5.10269424e-03  3.24450328e-02  3.08900518e-03  3.78606840e-03
 -1.81899219e-02 -8.81098642e-03  2.22305118e-02  3.43733807e-02
  3.12825771e-02 -5.25993357e-02  4.40856794e-02 -3.28327238e-02
 -5.21242156e-02 -4.27430893e-02 -2.26453897e-02  1.01205938e-02
 -8.59286292e-03  4.37989525e-02  2.87629824e-02  3.06362987e-02
  1.39011552e-02  7.25990115e-02  2.08915996e-02 -4.96240031e-03
  3.60825454e-02  4.35655541e-02  3.11306730e-02  4.26090036e-02
  3.99289663e-02 -5.54417659e-03  9.90120963e-03 -1.05021872e-02
  3.17612738e-02  1.97255817e-02  1.67599756e-04 -3.25203660e-02
  8.20365293e-03  1.27653030e-02 -3.50790272e-02 -7.12087632e-03
 -3.41097174e-02 -2.77278342e-02  7.04980895e-02  1.08221489e-02
  1.52487662e-02  1.67324659e-02 -5.11297137e-02 -1.63526198e-02
  1.46353200e-02  1.85619583e-02 -1.47501471e-02 -4.78583676e-03
  4.93415076e-03  5.20060728e-02 -4.12141418e-02  2.82732005e-03
 -5.45223186e-02  2.37550636e-03  6.61460593e-03  1.40248544e-02
 -3.39280621e-03 -1.01403289e-02  2.09784530e-02  1.88060417e-02
 -1.46605662e-02  9.03794874e-03 -1.76481434e-02  3.00137113e-02
  4.10535146e-02 -7.96217631e-03 -1.88304233e-02  1.65283607e-02
  5.25023604e-02  2.27367238e-02 -2.07724348e-03 -2.95043297e-02
 -1.28188809e-02  7.33739870e-04  1.13989448e-02  2.71220483e-02
  5.82858748e-02  2.04053858e-02  3.04907606e-02 -3.08794673e-02
 -5.90008090e-02  2.18151768e-02  8.79021594e-03 -3.44379112e-02
  4.61700790e-02  2.94608301e-02 -3.42469299e-02  4.25274769e-02
  7.52477110e-04  4.34117618e-02 -1.07432221e-02 -2.54129868e-02
  3.82701054e-03 -3.75222385e-02 -4.67569630e-02  4.15607536e-02
  2.20224118e-02 -2.26188945e-03 -1.16319426e-02  1.27746243e-02
 -5.27923942e-02 -2.65102188e-02 -1.01406288e-02 -1.06755127e-02
 -1.40595039e-02 -1.74578789e-02  1.25037137e-02  4.65401143e-02
  1.41032911e-02 -4.43421538e-02 -1.22160171e-03  1.44687028e-03
 -4.51917920e-02 -4.98030406e-02  3.55676033e-02 -1.80900330e-02
  4.47054203e-02 -1.96805120e-02 -1.94652037e-02 -3.26273212e-02
  3.14671550e-02 -9.86476486e-03 -2.18681245e-02 -8.67866254e-03
 -2.53215403e-02 -1.04170166e-02 -1.04994302e-02  4.32524745e-03
  4.17882131e-02  3.18968054e-02  3.78150210e-02 -3.11922946e-02
 -4.00977589e-02 -5.76786596e-03 -3.73915145e-02 -3.28927513e-02
  6.78154884e-03 -1.42418720e-02  4.67889924e-02  6.70416045e-03
 -2.13721412e-02  1.97484576e-02  2.48447175e-02  1.56584528e-02
  1.33520527e-02 -3.81653842e-02 -2.30009012e-02  1.49068178e-02
  8.42110187e-03  8.87960623e-03  8.89651492e-03 -2.75735400e-02
  6.07096420e-02  2.06141299e-02  1.64437891e-02  2.55079923e-02
 -4.24276006e-02  4.00773591e-02  3.43671672e-02  1.95060333e-02
  8.40421128e-03  7.29566312e-03  4.26837423e-02  4.58082597e-02
 -2.69950623e-02  3.21260398e-02 -1.72925324e-03 -2.92126787e-02
 -1.88974199e-02 -3.83308471e-02  2.23209673e-02 -3.07012078e-02
  5.16323103e-03  3.92123649e-02  1.62603039e-02 -3.74173422e-02
 -4.51754882e-02 -5.08927697e-02 -3.46564379e-02 -3.89960882e-02
  4.02895186e-02  8.38801433e-03  1.50412511e-02 -2.96041029e-02
  6.26366866e-02 -1.78642884e-02 -1.07423122e-02  3.32952785e-02
 -2.25094576e-02 -1.88890467e-02 -2.04218960e-03  5.49844841e-02
  8.76770459e-03 -3.51724696e-02  2.54369071e-02  6.23462546e-02
  4.33234989e-02 -3.66745316e-02  4.97282873e-02  2.28255287e-02
  1.69798964e-02 -9.12895915e-03  6.95409622e-03 -4.81387405e-02
  2.42954130e-03 -4.92724618e-03  1.57459701e-03  1.13478887e-02
 -8.92918768e-03 -1.39707798e-02 -5.07679185e-03 -6.96054246e-02
 -6.41175761e-04 -1.41326431e-02 -9.66218494e-03 -6.22005512e-02
 -3.50381083e-02  1.11994915e-02  3.41578003e-02 -5.56713342e-03
  3.45634269e-02 -1.90367057e-02  3.29819265e-02 -1.28136661e-02
  2.79141777e-02 -5.14368203e-02 -4.22348081e-02  5.05855487e-03
  2.59419422e-02  4.97027614e-02  2.77497247e-02  6.10178772e-03
  3.13339062e-03 -3.49723608e-02  2.06115328e-02  3.50149037e-02
  4.59508723e-02 -2.86051820e-03 -2.26345660e-02 -9.43061181e-03
 -2.66709484e-02 -5.46689791e-02  4.03470739e-02 -1.63407089e-03
  4.69732587e-02 -1.00946208e-02 -2.09091095e-03  8.04689988e-03
  2.00008251e-02  2.60439594e-02 -4.81751441e-02  4.42767186e-02
  2.04578379e-02 -1.14938366e-02  3.25552087e-02 -3.67567039e-02
  3.04968327e-02  1.30057626e-02  4.36842308e-02  3.12333603e-02
  4.25191088e-02 -2.49002199e-02 -6.09014123e-03 -2.95247320e-02
  5.29360485e-02  6.63506791e-02  8.85927605e-03 -6.94130819e-03
  1.37784477e-02  3.81502788e-02 -2.75649561e-02 -1.78553734e-02
  3.59430865e-02 -4.79641512e-02  1.52968392e-03  3.28179410e-02
 -8.41016847e-03 -4.13446810e-02  2.62414682e-02  2.84630657e-02
  2.44936433e-02 -2.93066657e-02  1.56582631e-02 -5.51872207e-02
  2.75265210e-02 -5.15583891e-02  8.11495357e-03  5.80481585e-03
 -2.80416992e-02 -3.28945990e-02  7.75439355e-03 -2.56807849e-02
  2.57416504e-02  3.02143435e-02  1.96569937e-03 -3.43482354e-03
 -6.39568246e-03  3.78087049e-03 -2.92960900e-02  5.38598372e-02
  7.49511561e-03  2.01579147e-02 -5.96793788e-02  3.05749710e-02
 -4.52267184e-02  3.43036060e-02 -1.22823186e-02 -3.95102148e-02
  2.49282047e-03  3.87438728e-02  2.91437419e-02  1.11471578e-02
  2.70917755e-02  1.77564693e-02  2.58781380e-02 -1.85699171e-02
 -4.07265403e-02 -1.37044350e-02  4.25047001e-02 -1.52796159e-02
 -5.15471630e-02  3.74540383e-02  4.07550924e-02  2.53698857e-02
 -3.08097817e-02 -3.14219574e-02 -5.61724338e-03 -3.07858625e-02
  6.16447202e-03  1.69075924e-02  1.58948980e-02 -1.35871725e-02
  7.51784383e-03 -8.22053298e-03 -1.20486211e-02 -2.67584659e-02
 -3.98488543e-03 -7.70308302e-03  2.24971002e-02 -4.08069683e-02
 -3.23191824e-02 -1.79350468e-03 -2.01217542e-03  8.20970684e-03
 -2.27618115e-02  3.84693013e-02 -6.88306785e-03 -2.71162136e-02
  2.15225233e-02  5.29471451e-02  1.79307060e-02  8.60501839e-04
  4.59836409e-02 -5.00645465e-02 -7.82916190e-03  2.13240725e-04
 -4.47226178e-02  2.96282480e-02 -6.36578499e-02  1.31984963e-02
  3.74789365e-02  4.70437151e-02 -3.35124325e-02 -2.65464519e-02
 -2.45641661e-02 -5.16660650e-02 -3.86883165e-02 -4.00847715e-02
 -2.60086174e-02  1.45624666e-02  6.55540334e-02  4.03737170e-03
 -1.64571011e-02 -3.48753150e-02  4.22697077e-02  9.87902346e-03
  7.57287967e-02  2.03159639e-03 -1.49955650e-02  5.44223519e-02
 -4.41997520e-02 -2.04252915e-03 -5.27766773e-02  1.64951175e-02
  9.43106641e-03  3.79460325e-02 -1.91253202e-02 -3.78883753e-02
 -1.84632910e-02  6.79298663e-02  2.00428061e-02  4.91069030e-02
 -5.33348408e-02  2.13580528e-02 -3.50240302e-02 -6.76965044e-02
 -3.77881189e-02  6.45988148e-03 -1.42557189e-02  2.44220624e-02
  2.65831625e-02  5.18598839e-02  1.69272177e-02 -2.17382684e-02
 -2.05778059e-02 -5.15798817e-02 -4.97633266e-03 -5.83278196e-02
  6.83226727e-03 -1.51352777e-02  2.04395825e-02 -2.13576724e-03
 -2.17632957e-02 -1.89122167e-02  1.77916625e-02 -1.51596606e-03
 -5.97716735e-04 -2.53104234e-02 -1.61539826e-02 -1.00734143e-02
  1.01578490e-02  3.73943907e-02 -1.01091453e-02  6.82435709e-02
  9.30955118e-03 -1.07363758e-02 -3.69948226e-02  1.35174889e-04
  1.24868838e-02 -3.30601122e-02 -9.75638699e-03  9.50259378e-03
 -2.58005265e-03  1.85527414e-02  3.61444224e-02  5.37674989e-02
 -5.67258715e-04 -1.89727977e-02  3.77960228e-02 -3.70903280e-02
  5.49178829e-03  3.65482907e-02 -2.78371247e-02 -2.82768755e-02
 -4.73302614e-02 -2.39824865e-02  5.15694024e-02 -5.07401328e-02
 -3.81673496e-02 -5.11371846e-02  1.43137032e-02 -2.91575810e-02
  3.65494227e-02  3.02234653e-02 -3.44192116e-02  3.84117715e-02
 -7.49664309e-03 -5.24389388e-02  2.49245372e-02  3.79945150e-02
 -2.00694961e-02  2.38931443e-02 -5.69279196e-02  3.63283019e-03
 -8.49864124e-03  5.04473611e-02  5.46737924e-02 -8.26529991e-03
  2.75062447e-02  9.68192587e-03 -3.28732048e-02  2.55050247e-03
  2.23978627e-02 -1.56637412e-03  3.38701475e-02  8.93509162e-03
 -4.33958671e-02  4.65684542e-02  1.37917220e-02 -2.46160091e-02
  1.90552830e-02 -2.48646727e-02  4.24453377e-02  4.19389626e-02
 -2.08167199e-02  2.69593538e-02  1.96768813e-02  2.07752722e-02
 -1.91181885e-02  6.23204546e-02 -8.77952928e-03 -3.39407810e-02
 -1.55195981e-02 -2.88206423e-02 -3.25906705e-02 -1.28021554e-03
 -3.84259409e-02 -5.21331101e-03 -4.06242538e-03  4.12974299e-02
 -3.18484628e-02 -3.21220554e-02  3.27622569e-03 -8.48266002e-03
  1.72545675e-03 -3.73066000e-02  6.36647872e-02  6.13734758e-02
  4.17710808e-02 -2.18784323e-02  3.71023093e-02  2.15798371e-02
  9.10030368e-03  1.95796894e-02 -2.25318602e-02 -2.26407344e-02
  3.60485231e-03 -4.90851539e-02  9.11378860e-03  3.91323618e-04
 -3.56168830e-02  3.71240396e-02 -3.20527387e-02 -3.77643347e-03
  7.74606706e-03 -2.76887514e-02  4.79166892e-02  6.49938566e-02
  5.93961056e-02  1.61001506e-02  3.24749681e-02  5.37602994e-02
 -3.30288554e-02  3.98410759e-02 -4.03572812e-02 -3.70218803e-02
 -3.51885842e-03  1.50955440e-02  1.11174141e-02 -2.06464921e-02
 -9.85267149e-03  3.16566563e-02  4.83108011e-02  5.05624179e-02
 -2.41992166e-02  6.58002998e-03 -9.44388245e-03  5.91089106e-03
 -1.09862633e-02 -3.05866565e-02  2.18294987e-02 -4.53710532e-02
  1.07850783e-02  4.11326439e-03  6.33404528e-02  2.22008677e-02
  3.71776389e-02 -2.63206322e-02  3.21953273e-02  4.06360919e-02
 -5.77082547e-02 -1.77306518e-02 -1.88475130e-02 -2.99616368e-02
  4.46018012e-02 -7.79082184e-03 -1.02840456e-02 -1.38072627e-02
 -2.85790694e-02  2.71022165e-02  3.37100267e-02  3.88062106e-03
  2.03089390e-02  2.57340019e-02 -2.69377534e-02  6.76620701e-03
  1.71899917e-02 -4.49378581e-02  3.23229189e-02  2.79327391e-03
  3.99153289e-02 -2.59942526e-02  2.91583675e-02  2.04693864e-02
 -1.69099164e-02  5.73813997e-03  1.31430698e-02 -4.10713101e-02
 -2.23938950e-02  3.48906081e-03 -3.93901507e-02 -7.36733913e-03
  4.24324594e-04  5.91504906e-03  7.18898783e-03 -1.84212595e-02
  2.10924116e-02  1.99356498e-02 -2.89811187e-02  3.56347946e-03
  5.28494101e-02  1.26617887e-02 -3.94820466e-03 -3.72053225e-04
  1.97006541e-02 -1.67736035e-03 -4.00301060e-02  4.41618629e-02
 -5.19288366e-03 -1.48545382e-02 -2.60834199e-02 -5.76473377e-02
  9.38725856e-03 -1.23079111e-02 -1.88286616e-02  9.92513109e-03
 -2.40323911e-02 -3.90095428e-02 -2.69092515e-02  3.66986838e-02
 -7.35879364e-03 -9.75705276e-04 -2.01400576e-02  4.44097362e-02
 -1.49358857e-02  6.36038418e-02 -9.26980619e-03 -1.50916350e-02
  3.34793058e-02  3.78993344e-02  5.88320863e-02 -4.05296206e-02
 -2.47135827e-02  3.39089482e-02 -1.45382149e-02 -2.48529162e-02
 -1.77724903e-02 -1.96359282e-02 -2.47189691e-02 -2.32763417e-02
  2.82995197e-02 -2.21893573e-02  9.02035694e-03 -1.69814379e-02
  1.42058804e-02 -3.05384806e-02  9.03550322e-04  5.48592033e-02
  1.94611493e-02 -3.59442153e-02  8.34911776e-03 -5.90590957e-02
 -3.15223346e-02  5.25464695e-02 -1.79334452e-02  1.16136910e-02
  2.31372494e-02 -4.02986751e-02  1.47086628e-02 -8.83707680e-04
  2.32833090e-02 -1.45276246e-02 -2.95865302e-03  1.14248515e-02
 -4.31827329e-02  1.09459881e-02 -1.44129312e-02 -3.94494175e-02
  4.26105752e-02  3.18696404e-02  3.79675518e-02  2.97039924e-02
  1.49217556e-02 -4.06155213e-03 -5.70008762e-02  1.57322914e-02
  4.66303866e-03  4.32400405e-02  2.14604254e-02 -1.54107227e-02
  1.27183640e-02  9.66609918e-04 -4.55516085e-02 -2.91612364e-02
  4.17786712e-02 -1.78361174e-02 -1.15143466e-02 -6.12965470e-03
 -3.89231698e-02 -3.21338532e-02  4.04633813e-03 -1.76670602e-02
  9.26583976e-03 -2.81450160e-02  4.37678631e-02 -3.71496850e-02
 -7.77800722e-03 -2.47471489e-02 -1.32236056e-02 -3.98727880e-02
 -4.73850989e-04 -4.08406898e-02 -1.01075954e-02  4.60948614e-03
 -2.04107039e-02  3.09233289e-02  1.18036290e-02 -1.84900701e-02
 -4.25760349e-02  4.11932045e-02  7.15479956e-03 -5.18463476e-02
  1.77280852e-02  8.25460443e-03  4.71386648e-03 -5.06593672e-02
 -2.31923182e-02 -5.47803748e-02  8.56347640e-03 -4.63945095e-02
 -2.17127018e-02 -3.83128225e-02 -6.35168571e-05  1.26507263e-02
  1.70398202e-02  1.07460381e-03  2.63434615e-02  4.49441075e-02
  1.16671445e-02 -1.25765240e-03  1.35468342e-02 -2.18274557e-02
  4.37038467e-02 -1.60026779e-02  3.18861788e-02 -4.52667675e-02
  6.46518002e-03 -1.88102614e-02  2.83211728e-02 -4.41415700e-02
  2.19068424e-02 -3.49640593e-03  4.56439629e-02 -1.46488735e-02
  6.57751729e-02 -3.36169517e-02  1.41401103e-02  2.66690222e-02
  1.39976330e-02  2.79385041e-02 -2.71350060e-03 -1.48966202e-02
 -1.09246003e-02  1.83584660e-02 -6.47538978e-03  4.14545685e-02
  1.33205117e-02  2.24134960e-02 -2.59004142e-02  2.88640623e-02
 -1.88945341e-02  2.20372755e-02  1.41797644e-02  1.14224047e-02
 -1.03524418e-02 -8.11787152e-03  3.43959095e-02 -9.49636441e-03
  2.12164784e-02 -1.27229374e-02  1.68994521e-02  5.36771653e-02
 -1.67206089e-02  6.24646072e-02  5.08294120e-02 -8.84976439e-04
  8.37010885e-03 -1.34439373e-02 -1.41821170e-02 -2.02430952e-03
  2.92986591e-02 -1.84868411e-02 -1.13440792e-02  9.06040193e-03
  4.19391759e-02 -2.94880002e-02 -2.97887292e-02  2.35396453e-02
 -2.92418448e-02 -4.62258410e-02 -1.67853185e-02 -8.96563789e-03
 -3.71225622e-03 -9.50218197e-03 -5.16085653e-02  3.37626863e-03
 -2.10288392e-02 -2.65130191e-02  3.48249185e-02  2.21719027e-02
 -1.05930839e-02 -4.30365342e-02  1.17104583e-02  6.45820203e-02
  2.78615544e-02  4.41903653e-02  1.96094964e-02 -3.26236745e-02]