error: 28.898879462356472
lstsq error: 27.412142941955373
GPU1 error: 28.866542197864852
GPU2 error: 28.898879462356472
optimal x: [-1.52740906e-02  1.74674004e-02  6.22958580e-03  3.64681364e-02
 -2.97839487e-03  1.38466477e-03 -1.90067675e-02  2.01808572e-02
 -1.41266970e-02  1.98749580e-02 -2.35946473e-03  7.83767782e-03
 -2.85499132e-02 -9.89582204e-03  1.96757336e-03  1.55362535e-02
 -2.24772425e-03  8.84502212e-03  1.20429934e-02 -3.10827611e-02
 -9.60383149e-04  2.69249161e-02  2.65842196e-02  5.66310417e-03
 -3.27197993e-02 -1.51974357e-02  3.04293629e-03  5.85522403e-03
 -2.95112225e-04 -3.19477456e-03 -4.43803631e-02 -2.68356894e-02
  4.04920149e-02 -3.19347288e-03 -5.31021293e-03 -1.12461713e-02
  5.13935283e-03 -4.41132081e-02  2.03511236e-02 -5.63928213e-03
  3.70124847e-03 -3.30991960e-03 -1.11090878e-02  2.53913345e-02
 -1.98957740e-03 -2.98673634e-02  3.05835242e-03  1.17534206e-02
 -2.99625107e-03 -2.00701350e-03 -4.09318546e-02  3.71689504e-03
 -2.80566188e-02  2.64452459e-02  1.79926055e-02  1.07372101e-03
 -2.10768720e-02 -4.59806365e-03 -6.82239965e-03 -1.92777658e-02
  4.40246316e-03 -1.27915847e-02  1.18682115e-02  8.89387393e-03
  2.39375457e-02  1.23517437e-02  2.20802066e-02 -5.93288822e-03
  1.00270090e-02 -8.31053134e-03 -2.36453772e-02 -7.76179135e-03
 -2.33849482e-03 -9.08241534e-05  1.16590866e-02 -1.50313324e-02
  5.62716272e-03  2.46940219e-02 -9.65947405e-03  2.26061129e-02
 -1.74352479e-03  3.13800412e-03  1.02719713e-03 -6.23220571e-03
 -7.55000396e-03  1.78390795e-02  2.10100881e-04 -1.62682802e-03
  6.02120278e-03 -1.12869211e-02  8.94468711e-03 -6.34097892e-03
 -1.84317214e-02 -1.37210987e-02 -8.50560592e-03 -1.12917738e-02
  1.06066772e-02 -1.54624388e-02 -5.17410205e-04  1.02207314e-03
 -3.96031907e-03  8.73752784e-03 -1.13261313e-02  1.30079690e-02
 -2.30526441e-02  5.99421090e-03 -8.94432276e-05 -4.23186434e-03
 -1.00295020e-02 -7.71703412e-03 -9.36643691e-04  3.00158033e-03
  1.65778573e-02  1.67339937e-02  7.24316424e-03  3.54435716e-03
  6.77720593e-03  6.15870620e-03  2.96525565e-02  2.32173958e-02
 -1.20794926e-02  1.54024302e-03 -3.71050880e-04  2.39911583e-02
 -1.18489320e-04  1.26239328e-02  8.14269313e-03 -2.11583568e-02
 -1.19736194e-02  2.13524388e-02 -7.89137935e-03 -1.56725440e-02
  3.37514744e-02  1.70771405e-02 -1.41005407e-02  8.87290290e-03
  2.60116859e-03 -1.36761165e-02  1.15783935e-02  8.55796192e-03
  2.48585343e-03 -4.02061341e-02  3.51076321e-03 -1.33741334e-02
 -1.03747887e-02 -6.87956106e-03  1.10274325e-02 -1.15459947e-02
  9.89540182e-03  2.43037906e-02  2.36900936e-02  1.06918946e-02
  5.75753792e-03 -1.75437042e-02  4.89216239e-02 -1.12844636e-02
 -1.02272893e-02  1.69887420e-02 -2.40728043e-03 -3.53615478e-02
  1.34753649e-02  3.67576634e-03  4.22987746e-03  2.26980097e-02
  2.35218985e-02  1.77709606e-02  1.03836999e-02  3.12168385e-02
  2.01595476e-02  2.32925035e-02 -4.31442070e-02  2.29420587e-02
  1.26003774e-02 -7.23417379e-03  1.14122878e-02 -3.00283273e-03
  1.37581127e-02 -1.23055276e-02 -1.11004764e-02  5.22163788e-03
  3.88890161e-02 -1.52034531e-02  8.32454289e-03  6.13158038e-03
 -2.64604113e-02  1.16598703e-02 -8.12483692e-03 -1.17721592e-02
  1.72302220e-02 -1.47133251e-02  1.33867499e-02 -6.72827833e-03
  3.87846386e-02 -1.11463166e-02 -1.14038820e-02 -4.52816884e-03
  9.00464366e-03 -7.07425047e-03  3.10410548e-04  3.46976761e-02
 -1.37964572e-02 -1.88024722e-03  2.84344292e-02  1.10119221e-02
  7.38119916e-03  2.08426557e-02 -9.29364317e-04  5.93350986e-03
 -7.74221350e-04 -1.54412014e-02  1.02985178e-02  2.78400766e-03
  2.05252539e-02  1.34479255e-02  3.00062228e-03 -3.19150890e-02
  3.21435417e-03  8.86907145e-04 -1.19949935e-02  1.43598169e-02
  1.86373442e-02  1.43856638e-02  9.63584860e-03 -1.70618093e-02
 -7.80212225e-03 -1.77971533e-02 -2.05219667e-02  4.41922597e-03
  6.21238741e-03 -1.37439498e-02  1.94872131e-03  1.63248146e-02
  9.67446381e-03  2.62891442e-02 -1.99396336e-02  9.94404974e-03
  1.22384141e-02 -1.53548544e-02  9.21696322e-03  8.69918337e-03
 -1.51111228e-02  2.82276952e-03  1.50414530e-02 -3.70011932e-03
 -1.54156213e-02  6.98846130e-03  2.91887062e-03 -2.33462157e-02
 -8.41667804e-03 -1.87243151e-02 -3.35498971e-03  1.98164800e-03
 -5.65334799e-03 -4.53873208e-03  3.13113564e-02 -5.39504377e-03
  4.05728395e-04  3.38095562e-02  2.16782493e-02 -3.88665907e-03
  2.00071217e-03  2.35236622e-02 -1.60182632e-02  1.19461848e-02
  3.43413455e-02  5.10326160e-03 -2.76052191e-02 -8.10308692e-03
  1.10330457e-02  2.03699648e-02 -6.18930081e-03  7.53452313e-03
  1.45883799e-03  1.67996641e-02  7.61444483e-03  1.15904537e-02
  4.12250823e-03 -1.80422632e-03 -1.56325176e-02  3.48452547e-02
  1.45938588e-02  1.23031489e-02 -3.06236567e-03 -9.11685182e-03
  6.51873912e-03  6.86947895e-03 -9.75131520e-03  7.16480943e-03
  2.81386383e-02 -9.67499084e-03 -1.23804878e-02  1.22530122e-02
  2.92413433e-02 -3.21194702e-02 -4.89222979e-04 -5.29756261e-03
  1.24895951e-02  3.68190720e-03 -4.12279495e-03  4.43474028e-03
 -8.63553098e-03 -2.79950538e-03 -1.55870649e-02  1.05538247e-03
  4.28790590e-02  1.40791314e-02  2.23169947e-03  7.32877103e-03
  2.19108101e-02  6.56963581e-05  1.60679470e-02 -1.85565570e-02
  1.59826169e-02  1.98642177e-02 -3.47923693e-03 -5.57254893e-03
  3.84226205e-03  7.71366754e-05  5.99146476e-03 -1.02267853e-02
  4.72157916e-04  7.46006862e-03 -2.40276063e-02  2.03322953e-02
 -2.64365993e-02 -1.73866084e-02 -9.46201547e-03 -5.01833991e-03
  9.94805510e-03 -6.55354763e-03  7.67915717e-03 -1.12827159e-02
  2.00997349e-02  5.82666375e-03  1.85886202e-02  5.54463187e-03
  1.13820703e-02  3.90786550e-03 -1.50570818e-02  2.99265201e-02
 -1.84214220e-03 -1.02806173e-02 -4.28867601e-02  4.07142637e-03
 -1.54571022e-02 -9.43001276e-03  4.84240686e-05 -1.24257473e-02
 -1.77510826e-02  1.71225113e-02  7.84823075e-04  7.05622217e-03
  1.53662109e-02 -1.56573159e-03 -8.54918968e-03 -2.33538735e-03
  1.75343701e-02  6.72687333e-03 -8.46342312e-03 -1.93875452e-03
  8.97516102e-03  6.17949571e-03  2.66025273e-02  1.46890293e-02
  4.14497478e-03  1.11524205e-02  5.25117219e-03 -3.04686217e-02
  1.02273549e-02  1.29038829e-02 -9.67467054e-03  6.04683066e-03
  3.11550099e-03 -3.26881456e-03 -2.84048062e-02 -3.05724957e-03
 -5.25994576e-03  1.28725728e-02 -7.67452581e-03 -8.76695387e-03
  7.93823348e-03 -2.10177852e-04 -2.77023332e-03  1.85490970e-02
  3.57722086e-02  4.39625984e-03  2.57279889e-02  8.11970139e-03
 -1.78264002e-02 -9.32952293e-03 -9.28539973e-03  5.10226858e-03
 -1.20301367e-02 -9.74471234e-03  1.98919039e-02  2.91244346e-02
  2.01919622e-02 -4.33082706e-03 -3.77450441e-03 -2.67604469e-03
 -7.95472497e-03  1.88328140e-03  2.02907622e-02 -1.98177255e-02
 -1.40143697e-03  1.29204884e-02  6.78195791e-04 -3.61805448e-02
  6.45476502e-03  3.87383840e-02 -9.58860873e-03  2.04182146e-02
 -4.10475759e-03  3.78907233e-04 -7.82504837e-03 -1.45423977e-02
 -1.90364374e-02  1.26018568e-02 -6.20236688e-03 -7.34988893e-03
  5.58536786e-03  5.88994375e-04  1.86091363e-03  4.38520580e-03
  3.27392826e-04 -1.42522271e-02 -3.07396767e-02  7.35245472e-03
  2.26175636e-02  1.78166515e-02  8.19781868e-03  1.17596967e-02
 -2.56179961e-04 -1.46221385e-03  2.95730502e-03  1.56564579e-02
  5.47109668e-03  9.92616656e-03  2.17154731e-02 -2.85646299e-03
  1.43391098e-02  1.35611554e-02  1.30225817e-02  1.06190598e-02
  1.86904058e-02  2.06572383e-02  1.35127359e-02 -8.79443322e-03
 -1.31051900e-02  7.86947251e-03 -8.91862590e-03 -1.25102206e-02
 -7.33597606e-03 -2.61873079e-02 -6.16048265e-03  1.94879475e-02
  4.28980678e-03  4.66866874e-04  1.20608963e-03 -7.08467255e-03
  1.87664094e-05  5.97872661e-03  1.59295733e-02 -3.24424065e-02
 -7.96585176e-03 -9.36196382e-03  5.82966813e-03  1.32026014e-02
  1.57420176e-02  1.76204703e-02 -9.57387773e-03 -9.56123518e-04
 -1.13147784e-02 -1.46403401e-02  1.32757789e-02 -1.17162400e-02
  2.35890183e-03 -1.19612350e-02  1.72792067e-02  2.67749368e-02
 -1.83342979e-03  1.15585776e-03  2.27398430e-02 -1.60675935e-02
 -1.95969077e-02 -5.81483643e-03 -3.24269708e-03 -2.17333681e-02
  1.31624074e-02  2.08682738e-02  1.02675788e-02  2.62223838e-02
  2.12659270e-02 -1.14232077e-02  6.65620217e-03  5.34772896e-03
  3.37280997e-02 -9.35200334e-03  4.54212627e-02  1.78765152e-02
  9.02529658e-03 -4.90592128e-04 -5.87076528e-03 -1.41998591e-02
  1.04389836e-02  2.79005089e-02 -9.97367985e-03  3.51651459e-02
  1.78948125e-02  8.56341591e-03  1.90270980e-03 -1.62567686e-02
 -8.82627405e-03  1.16137349e-02 -2.00532241e-02  8.36467934e-03
  1.23667997e-02  8.37003243e-03 -1.13856917e-02 -9.65373371e-03
 -1.10400723e-02 -1.26158129e-02 -9.90864198e-03 -8.91327757e-03
  6.73293549e-03  2.44921167e-02  1.22917336e-02  7.92651645e-04
  1.51965599e-02 -7.43071397e-03  8.26815549e-03  1.74911051e-03
  2.38906367e-02  2.33500329e-02 -1.04728698e-03  1.22369929e-02
  2.55909933e-02  5.23921962e-03 -5.30871524e-03 -2.99468144e-03
 -6.20119870e-03 -2.79164775e-03  3.29936552e-02 -9.16084381e-03
 -1.70306902e-02  2.95283958e-02 -9.24194809e-03 -2.28222854e-02
  3.99730296e-03 -9.87264130e-03 -9.75137488e-03 -2.47341757e-02
 -1.43725482e-02  9.81313618e-03  2.14568132e-02 -6.15467091e-04
 -1.03033366e-02  8.99782494e-03 -8.39822911e-03  3.87885113e-02
  2.54593125e-02  8.71932114e-03  2.13760899e-02  8.49206056e-03
 -6.54155897e-03  3.56891463e-02  4.15672020e-03 -8.34378834e-03
  1.22697513e-02 -1.01439319e-02  7.97294450e-03 -4.45936669e-03
  3.45632953e-04  7.66204358e-03 -9.12452159e-05  4.54552057e-02
 -2.29510353e-02  3.59969719e-02  1.44204133e-03  1.87078380e-03
  1.78743305e-02 -8.54901254e-03 -1.62888233e-02  1.67725989e-02
  1.70728262e-03 -1.06319742e-02  1.50681845e-02 -1.74490047e-02
  1.79935832e-02  8.16338354e-03  1.11711620e-02  8.74685711e-03
 -1.52940176e-02 -4.67318940e-03  1.70198990e-02 -2.38311444e-03
 -4.51840242e-02  1.59810939e-03 -1.22498922e-02 -1.36912303e-02
 -1.26372214e-02  9.12821707e-04  3.54317069e-03 -1.94259306e-02
 -1.60832058e-02 -2.06333673e-03  5.24889888e-03 -3.61040984e-03
 -4.14364027e-04  4.90032783e-03 -1.35995155e-02  1.93653047e-02
  4.37791148e-03  6.45562397e-03  8.09288437e-03  1.10516024e-02
  1.68946157e-02  1.79238140e-02  5.96578375e-03 -1.74501226e-02
  2.27371136e-04  6.49743509e-04 -1.33244463e-02 -8.35567005e-03
 -6.49047199e-03 -1.81606212e-02  2.36357032e-02  1.72359847e-03
 -2.81201945e-02  9.18210248e-04 -2.38739972e-02 -2.86556549e-03
 -6.89892352e-03  8.70330598e-03 -9.11763720e-04  3.33834449e-04
 -3.04689086e-03  9.75075271e-03 -2.98764460e-02 -8.76061673e-03
 -1.16281086e-02 -8.36652437e-03 -1.10218629e-02 -2.00650615e-03
  1.31570939e-02  2.32847655e-02 -2.02555059e-02 -1.39036148e-03
 -9.35218884e-03  1.39883663e-02  6.21540493e-03 -1.55045126e-02
 -6.36130760e-03  2.16194738e-03 -1.66920500e-02  1.08415486e-02
 -3.01704928e-03  2.32570758e-03 -2.53897473e-03 -1.61368042e-02
 -4.59042165e-03 -2.04356288e-03  4.16087318e-03 -8.76784616e-03
  2.61752766e-02 -7.19767706e-03 -4.73779096e-04 -1.08843526e-02
  1.47686775e-02  1.29063416e-02 -1.40571307e-02  1.57504815e-02
 -1.09162932e-02 -4.82762511e-03  3.22253503e-03  5.92367675e-03
 -1.56574726e-02  3.11029510e-03 -1.43358631e-02  2.12573307e-02
 -2.40859400e-02  2.88042267e-03 -6.16709518e-04  7.61569668e-03
 -1.26553788e-02  5.95107876e-03  1.60026288e-02 -1.78786705e-05
  1.45500385e-03 -1.42348537e-03 -1.89605294e-02  3.27650160e-02
 -4.37604736e-03  4.10344125e-02  1.77568575e-02  1.06148709e-02
 -4.33122293e-03  9.16102459e-03  1.09672941e-03  3.73659177e-03
 -2.66487940e-02 -8.19932320e-03  8.25513807e-03  2.41231355e-02
 -8.77977790e-03  2.07155391e-02 -9.79932628e-04 -2.67554949e-02
 -2.42733842e-02  4.15760542e-03  1.59252242e-02  1.26695271e-02
  1.73535603e-02  1.29661832e-02  1.30870514e-02 -4.21153094e-03
  4.73706584e-03  2.67466327e-02 -1.77097742e-02  2.97788500e-02
 -8.10324831e-03  7.96977625e-03 -1.55502139e-02 -1.42736539e-04
 -7.57490177e-03 -7.96694138e-03 -2.78460981e-02 -1.11975934e-02
  1.47292366e-02  3.09431959e-02 -2.05037473e-02  1.09028739e-02
  2.24713649e-02 -2.65033017e-02  1.12838231e-02 -9.38711572e-03
  2.26338898e-02  9.21431249e-03  2.11635139e-03  2.27081870e-02
 -1.54792829e-02  5.00174673e-03 -1.80212803e-02 -5.38556842e-03
  2.53689393e-02 -9.35649882e-03 -2.97811753e-02 -5.29663645e-03
  7.44588297e-03 -1.40680780e-02  1.10077699e-02  1.38604358e-02
 -2.81153102e-03 -1.76563030e-02  1.13988121e-02 -7.76770307e-03
 -1.78706794e-03  2.99917021e-03 -2.03138209e-02 -2.92862985e-02
  6.87116962e-03 -3.32831506e-02  1.53996581e-02 -5.63515407e-03
  7.36003079e-03 -6.54684618e-04  5.41628484e-03  6.16961176e-04
  1.57452710e-03  1.34261946e-02  1.75511853e-02 -2.78834331e-02
 -4.33592890e-02 -1.37633302e-02  1.61974097e-02 -1.48950500e-02
 -1.07897670e-02 -5.11441711e-03  3.19844638e-03  1.66223210e-02
  2.28721498e-02 -2.08048455e-02 -1.12215965e-02  5.26236525e-03
  2.16223886e-02  4.76527577e-03 -5.49036466e-03  2.88423689e-02
 -1.63716137e-02 -2.55324659e-02  1.64062288e-02  3.75131989e-03
  8.02904964e-03 -2.77016920e-02 -1.06611301e-02 -1.33839247e-02
  1.43737470e-02 -1.46773915e-02  1.86353734e-02 -9.39469920e-06
 -2.11165448e-02 -1.86360318e-02  1.67800712e-02 -8.97141621e-03
 -3.26379374e-02 -5.47987576e-03  8.43006273e-03  1.32365760e-02
 -8.22063207e-03  3.91791307e-03 -1.26977502e-02 -2.39723344e-02
  9.53470916e-03 -2.00499260e-03  4.58245023e-03 -7.90489799e-03
  2.34909092e-02  6.95120556e-03 -1.19692998e-02 -5.15599388e-03
 -1.26328335e-02 -2.19441873e-02 -2.24291514e-02 -1.61905112e-02
 -1.21184808e-02  8.84288625e-03  3.37168810e-02 -1.52676332e-02
  4.40269952e-03 -1.21292340e-02 -9.39406990e-03 -1.83880371e-02
  1.90435005e-02  4.16988231e-03  1.25805500e-02  4.49109819e-03
  1.04592899e-02  1.48623995e-02 -3.78630947e-03 -4.97914429e-03
 -1.45207711e-03 -8.26965213e-03  1.88422978e-02  3.79456265e-03
  1.18249601e-02 -5.06603180e-03  3.89908787e-03  1.78455927e-02
  3.34915003e-02  8.69078919e-03 -2.07681862e-02 -1.43421326e-02
 -1.67137614e-02  1.04735966e-02 -2.98867024e-02 -2.05209889e-02
  7.38682747e-03 -1.93110285e-02  1.23018316e-02  1.37227051e-02
  2.26209087e-03  1.02498259e-02  1.78347991e-02  1.16768767e-02
  8.53131617e-04  4.45946738e-03  1.96281020e-03 -1.45762348e-03
  6.35538545e-03  9.02685394e-03 -1.26810286e-02 -5.21671752e-03
  5.32140167e-03  1.17817677e-02 -5.67799145e-03  4.99286158e-03
  3.85957467e-03  1.26208957e-02 -8.28261145e-03  1.13414645e-02
 -1.52196134e-02 -7.06425840e-03  1.69045228e-02  2.49345686e-02
 -2.68437003e-02  8.78107478e-03 -5.81928195e-03 -1.98762309e-02
  6.16423171e-03  2.21987097e-03  8.67730706e-03  1.88206678e-03
 -1.68110528e-03  2.08221066e-02 -1.53743199e-02 -5.65085409e-03
 -1.45121733e-02  4.90032492e-03 -1.00504928e-02  1.27969666e-03
  3.54656402e-03 -6.27328139e-03  4.78790818e-04 -3.07697146e-03
  1.30145850e-02 -3.26273324e-04 -1.05892384e-02 -2.16511706e-02
 -6.33453591e-03 -2.39092351e-02  2.86599623e-02  9.97519157e-03
  1.03859342e-02  3.97143742e-03  3.95448040e-03 -3.48905150e-02
 -5.84959172e-03 -1.64913923e-02  1.07181079e-02 -5.70289455e-03
  1.63765410e-02 -2.72000192e-02 -4.02209925e-03  7.84295862e-04
  2.92786073e-03  8.73811731e-03 -3.92451139e-04  3.30958564e-02
  1.31472486e-02  2.33044968e-02 -8.73166026e-03 -3.11030429e-02
  7.55136581e-05 -1.14302246e-02 -3.07099173e-03  6.99729664e-03
 -5.25223731e-03 -1.65449116e-03 -1.06953522e-02  3.13667464e-02
  1.01095456e-02 -3.72991523e-03 -2.15933677e-02 -6.17404678e-03
 -2.52396566e-02  7.69692200e-03  1.69922045e-02 -2.56487576e-02
  2.82899965e-03 -3.15016288e-03 -5.91132757e-03 -1.94572220e-02
 -2.13696709e-02 -2.04838873e-02  6.92468640e-03  1.87796313e-02
 -1.54604786e-02  1.23815614e-02  1.50479833e-02 -3.14049184e-02
 -3.01406380e-02  3.31359890e-02 -2.38592377e-02 -6.44229755e-03
  3.29222632e-02  2.70951557e-03  1.38120567e-02 -2.64691635e-02
 -6.69511141e-03 -8.40994584e-03 -1.95749447e-02  1.09090370e-02
  1.36377756e-02 -2.77913403e-04  6.66225327e-03 -5.69002040e-03
 -1.87863558e-02  1.06566077e-02  3.52422635e-02 -1.90871407e-02
 -1.14566017e-02  1.88135787e-03  5.33160135e-03  3.52882573e-03
  9.10914899e-03 -1.86530213e-02 -2.22922016e-02 -2.07642862e-02
 -1.86351395e-03  2.22221934e-02  9.90751113e-03  2.37184471e-03
  7.60969252e-03  7.57720790e-03 -6.54787276e-03  1.49625808e-02
  2.15050888e-02 -9.56957099e-03  1.22118376e-03 -5.68213032e-03]