error: 27.987967495231022
optimal x: [ 5.88857185e-03  8.70830466e-03 -1.12173370e-02 -3.00825645e-03
  5.96024164e-03 -5.42199567e-03 -4.81164218e-03 -4.79342036e-03
 -1.33482278e-02  3.85061328e-03 -1.30603800e-02 -1.35289445e-02
 -2.63014216e-03  7.63430148e-04  2.09233095e-03  6.40550140e-03
 -4.58670594e-04  1.54424309e-02 -1.14315191e-02 -1.01556676e-02
 -1.21870877e-02 -7.44926657e-03  9.87164181e-03 -4.41395456e-04
  6.37079282e-03 -9.87079051e-03 -2.57011653e-03  1.11238372e-02
  6.29878781e-03  2.29422767e-02 -5.38993091e-03 -5.63013909e-03
  1.50695488e-02  1.69062704e-02 -2.49491369e-02 -4.67739646e-03
 -1.45891389e-02 -1.08092178e-02  2.01979121e-03 -5.22329797e-04
  2.51587323e-02 -9.88085055e-03  2.12092034e-03  6.44109961e-03
 -1.17067244e-03  5.95725291e-03 -2.14159856e-03  2.34314360e-03
  2.02874961e-03  2.40563636e-02 -7.73176250e-03  1.61906330e-02
  4.88457288e-03  1.96499143e-02  4.56397221e-03  7.17465078e-03
  1.49044485e-04  1.66698243e-02  5.55930566e-03 -6.40136284e-03
 -8.41281304e-03  7.07659719e-03  1.78677395e-02 -1.05855517e-02
 -1.66778932e-03 -8.46928095e-03  1.58163812e-02  1.29893587e-03
 -1.85808962e-02 -1.47416007e-02  3.13746847e-03  9.50558651e-04
  1.63617230e-02  2.87992643e-02 -9.59627178e-03 -1.15918953e-02
 -8.21928091e-03 -1.15711164e-02  1.68703132e-02  1.01975599e-03
  2.96989298e-02 -7.14960174e-03  1.35166708e-02  2.24903899e-02
  5.44081367e-03  2.38713435e-03 -2.21784444e-02  1.69843390e-02
  8.73868447e-03  8.39703896e-03  1.30881492e-04 -4.17436860e-03
 -2.07207355e-04  2.69642853e-02  4.75410015e-03 -1.17401569e-03
 -1.00696438e-02 -3.50061949e-03 -1.56179383e-02  1.70278081e-02
 -2.05452921e-02  5.07392457e-03  1.92505456e-02 -9.56437192e-03
 -1.06046694e-02 -1.28644741e-02  1.12916499e-02  5.51250529e-04
 -5.16778911e-03  1.42935061e-03 -1.77673828e-02  6.94050983e-03
 -1.01331655e-02 -2.10422719e-02  9.67172323e-03  2.79993303e-02
  9.56133352e-03 -5.45423917e-03 -8.93688035e-03 -9.36897460e-03
 -7.28460600e-03  1.56124550e-02  3.64479630e-04 -1.84664066e-02
  3.31042184e-03 -1.26368610e-02  5.80883576e-03  8.32100804e-03
 -5.47684771e-03 -3.39199565e-03  1.20030307e-03 -3.34884950e-04
 -9.78807762e-03  7.84411640e-03 -5.81336917e-03 -5.41299681e-03
 -2.50466581e-02  3.06129356e-02  1.16074408e-02  1.42855539e-02
 -1.08749365e-02  1.12883017e-02 -9.16793333e-03  2.32735969e-02
 -2.60067793e-02  2.40055025e-03  6.30614057e-03 -4.56722099e-03
  2.33260769e-02 -1.54916058e-02  7.82130025e-03 -5.70657833e-04
 -6.15600326e-03 -1.05054744e-02 -2.38844306e-03 -9.81557601e-03
 -1.47766304e-03  1.10278448e-02  6.90307146e-03  6.65027738e-03
  1.13112149e-02  1.83922937e-03 -2.31192788e-02  1.44499981e-02
 -7.39333162e-03 -1.39955435e-02  2.46428456e-02 -1.60216025e-02
  1.63030276e-02  6.32243318e-04  1.18565084e-02  2.24591425e-03
 -2.24266177e-02  1.41023740e-02 -1.83723195e-03  9.45330448e-03
  1.48733115e-02  1.13319452e-02 -7.93153110e-03 -3.91898480e-03
  5.78357990e-03 -1.37541383e-02  2.15644309e-02  6.56320944e-03
  1.02530024e-02  2.94129301e-02  1.62236711e-02  5.62541991e-03
  9.70411122e-03  1.92627396e-02  5.10282200e-04 -4.20853572e-04
  2.56071357e-02 -4.33691328e-03 -6.90346970e-03 -9.39332727e-03
 -3.30013436e-02 -7.77882125e-03 -9.53161324e-03 -8.34938350e-03
  1.03639767e-02 -8.48076162e-03  5.05125674e-03  9.38614291e-03
  1.29910065e-02 -2.43277667e-02  1.91222874e-02  8.13464710e-03
  2.70227203e-02 -2.15148874e-03 -2.44685245e-02  1.08934892e-02
  7.17887752e-03  2.98899518e-03 -8.27252022e-03  9.79770343e-03
  2.08813436e-03  1.22975757e-02 -1.13900310e-02 -3.39897526e-02
  2.10520205e-03 -2.16420046e-03  7.35635931e-03 -2.25007445e-02
 -1.58900410e-02  3.15371616e-02  1.13461362e-02 -8.83117015e-03
  1.08510583e-02 -6.42564358e-03  1.19560922e-02 -3.78599958e-04
  1.37383410e-02  1.67433171e-03  9.36478878e-04  1.94435170e-02
 -1.51201021e-04  3.10302191e-03  6.82100009e-03  1.41450194e-03
 -8.85269867e-04  1.26500651e-02  6.31782500e-03 -3.16988304e-03
  2.61777830e-03 -2.84061308e-02  4.60503000e-03  5.66534928e-03
 -6.11992673e-03  1.02345858e-02 -8.27203790e-03  4.29451326e-03
  1.30189863e-02  7.20656928e-03 -1.02729588e-02  1.36964132e-03
  7.81409082e-03 -2.09377079e-02  9.41049390e-03 -3.36672604e-03
 -9.19057126e-03 -1.68854125e-02 -7.66427960e-03 -7.96183153e-03
 -1.84872293e-03  1.23822986e-04 -1.43876025e-03 -9.56240210e-03
  1.33063052e-03  3.64306574e-04  9.77727094e-04  8.67773487e-03
 -1.17494085e-02  4.52917130e-03  1.62949969e-02 -9.36543773e-04
 -1.34592372e-02  8.25838596e-03 -2.26282392e-02 -4.42002951e-03
  1.07839055e-02  5.12227333e-03 -1.32289060e-02 -2.44079703e-03
  1.43287600e-02 -4.72160431e-03 -2.53005763e-02  8.30376433e-04
  1.06875844e-02  4.77518125e-03  2.04605130e-03 -5.52753459e-03
  2.23796161e-02 -1.18229014e-03  6.75677519e-03  1.55043845e-02
  1.02818142e-02 -3.22185682e-02  3.04348517e-03  4.03622491e-04
 -7.79810524e-03  2.43595200e-02 -3.35102093e-03 -5.28628961e-03
 -1.39223126e-02 -2.25210974e-03  1.75368863e-02  6.33139355e-03
 -7.72859306e-03  1.75063467e-02  1.17380926e-02  5.56347123e-03
  5.95632435e-04  4.59010848e-03  4.68483407e-03 -6.09796668e-03
  6.03129364e-03  3.74546943e-02 -1.41355954e-02 -1.22161511e-02
 -2.30579677e-03  3.52236644e-03  4.01555296e-03  2.58238041e-02
 -1.47779379e-02  2.07318130e-02 -2.63471222e-02 -2.85411349e-03
  5.34760570e-03  2.75288828e-03  1.16324350e-04 -7.05322701e-03
 -1.64329530e-03  7.44812977e-03  5.09377509e-03  3.60873447e-03
 -8.35863016e-03 -6.31817031e-03 -7.58689841e-03 -1.66112948e-02
  5.03037583e-03 -1.09717557e-02  2.12513666e-02  2.73572095e-03
  1.52998149e-02 -6.81538627e-03 -1.73369170e-02 -5.58350239e-03
 -1.30234626e-02 -4.08658113e-03 -6.18087683e-04 -1.35165427e-02
 -1.74505014e-02 -6.25002912e-03 -7.51477852e-03 -1.26921249e-02
 -1.09575773e-02 -1.48970038e-02 -9.60433351e-03 -2.07953505e-02
  3.40062606e-03 -1.05041912e-02  1.02676366e-02 -1.28195419e-02
 -3.88326043e-03 -2.46598399e-03 -1.84074819e-02  7.34464363e-03
  5.06331357e-03  9.27138526e-03  1.11708976e-02 -5.13105134e-03
  1.45748941e-02 -6.92808874e-04 -2.53721286e-02 -3.13365155e-03
  3.72238684e-03  2.96273215e-02  4.17482907e-03 -5.53123105e-03
  1.50614099e-02 -1.43430252e-02  5.45400021e-03  1.69394771e-03
  7.78312458e-03  3.27417867e-02 -2.32228408e-02  1.02722335e-02
  4.77634113e-03 -2.66618846e-02 -1.51722457e-02 -8.59115018e-03
  9.16230346e-03 -1.52274764e-02  1.46737949e-02  1.13434225e-02
  1.13088240e-02  7.00371159e-03  1.48037826e-03  6.94409772e-03
 -4.79392281e-03 -1.15327749e-02 -6.49477839e-03 -7.39286767e-03
  6.78030610e-03  1.19986842e-02  9.17005572e-03  8.69995773e-03
 -3.80209603e-03  1.25907811e-02  1.45760553e-02 -3.43775421e-03
 -2.23402331e-03 -8.93980098e-03  3.40428624e-03  1.43396203e-02
 -1.07771110e-02  1.66415594e-02  1.16749942e-02  1.89299084e-03
  3.07252431e-03 -1.10361472e-02  2.12429934e-02 -6.52310034e-03
  7.39450656e-03  9.03063193e-04  1.34759755e-02 -3.24270464e-02
  7.96683252e-03 -5.93763597e-03  7.97782744e-03 -1.53738849e-03
 -1.28060075e-02  3.16647663e-03 -3.32272070e-03 -8.00550639e-03
  6.92989215e-03  2.04102925e-03 -6.08123256e-03 -1.70532200e-02
  1.41211114e-02  1.23051164e-02 -9.63796093e-03  1.62293052e-02
  1.87441580e-02 -4.15733308e-03 -2.17968446e-02 -8.14110574e-03
  3.44123871e-02 -2.73155934e-03 -8.19055261e-04 -2.00066289e-02
  1.88519441e-02 -1.23416311e-02 -3.57862154e-03 -1.60790373e-02
 -9.55961351e-03 -7.95467057e-03 -2.96859689e-02 -2.76722834e-03
  8.73742824e-04  4.78372477e-03  2.08700608e-02  2.03427517e-02
  7.99200964e-03  1.90610922e-03 -5.32058342e-03 -4.50449018e-03
  3.21831227e-03  1.43981265e-02 -7.01575358e-03  1.74597055e-02
 -7.23032197e-03 -1.03859046e-03 -2.90064906e-04  1.02484325e-03
  3.72086562e-03 -2.41113323e-02  5.51401047e-03  1.02529342e-02
  9.06646217e-03 -2.01452622e-02  4.42423023e-03  3.49362773e-02
 -1.68663824e-04 -4.99932248e-03  9.63306406e-04 -1.58988204e-02
 -1.52025704e-02 -2.18210659e-02 -1.46153798e-02  4.57390257e-03
  9.60151831e-03  9.73609495e-03 -7.98299633e-03 -2.19168276e-03
 -5.87119018e-03  5.07130652e-04  9.02831560e-03  1.73940118e-03
  6.04942575e-03  6.47928044e-03 -7.55075107e-03  2.02303266e-02
  1.25178618e-02  6.95734395e-03  5.37173028e-03  2.44160818e-02
 -2.60681586e-04  3.53890474e-03  1.01016910e-02  2.33387945e-03
 -1.29667425e-02 -2.49359294e-03  1.71160011e-03  1.86691480e-04
  7.77077057e-03 -2.57989714e-02  6.82347405e-03  2.13864496e-02
 -5.40645549e-04  3.56657577e-03  1.03965912e-03  1.16816788e-03
 -4.86670776e-03 -1.17748487e-02  3.59992510e-03  1.27771759e-02
 -9.09866813e-03 -1.61098064e-02 -8.15984316e-03 -4.21276953e-04
  1.04489954e-02  9.42587257e-03  3.60241153e-03  1.33507559e-02
 -6.81276948e-03 -1.77930520e-02  5.17973371e-04 -1.22765514e-02
  1.73565720e-02  3.18862037e-03 -3.08551557e-02 -1.91239963e-02
 -1.55819963e-03 -2.54135129e-03 -1.34374630e-02 -1.76445961e-02
 -8.97442802e-05 -1.49692389e-02 -3.82523294e-03 -1.60677617e-03
 -5.70431793e-03 -3.05760337e-03 -4.85620620e-03  6.73752297e-03
  2.03502663e-03  3.00808161e-03 -6.97671462e-03 -8.51494656e-03
  1.16005248e-02 -8.12786173e-03 -1.06100750e-02 -1.09602156e-03
  1.01085617e-03 -1.20608714e-02  1.73731484e-02 -3.85420162e-04
  6.79340532e-03  2.79791425e-03 -1.38840816e-02  2.03739031e-03
  5.10122240e-03 -2.24157549e-03  2.39116812e-03  3.34907954e-03
  3.74499935e-03  2.17315658e-03 -9.03928828e-03 -1.40544357e-02
 -1.05877853e-03  2.21068260e-02  1.85376697e-03 -1.35370094e-02
 -4.79614872e-03 -3.69895965e-03  9.55873514e-03  1.39234358e-04
  9.64190995e-03  1.84326809e-02  7.16415793e-03  3.08246327e-02
 -2.01670046e-02  1.64910423e-02  1.72354293e-03 -7.48357183e-03
  2.77300906e-03  1.98434251e-03 -1.13166341e-02 -2.81270633e-03
  1.07073898e-02  4.26528163e-03  1.71939581e-02 -5.54400181e-03
 -1.58235879e-02 -8.85783169e-03  1.76960141e-02  7.40433030e-03
 -9.44816342e-03  1.62420560e-02 -1.03052149e-02  7.15641988e-03
 -1.57793987e-02  1.47125230e-02  1.40256251e-02  7.46293103e-03
 -9.44639935e-03 -3.18185319e-03  2.50813338e-02 -6.60427358e-03
  1.19929203e-02  1.66618693e-03 -1.89455022e-02 -1.13495058e-02
 -7.77174191e-03 -1.52854430e-03  9.53825243e-03 -5.72598410e-03
 -1.67623245e-03  7.33637694e-03  1.37565979e-02  9.57493484e-04
  2.78629624e-02 -4.18707575e-04  1.96764846e-02  1.62473319e-02
 -5.66744662e-03  1.21977923e-02  1.49195355e-02  9.29578821e-03
  2.11725581e-02  9.17166349e-03 -5.33433237e-03 -1.66054409e-02
  5.33783181e-03 -6.79073758e-03  1.84002445e-02  1.95717857e-02
  6.03181063e-03 -9.48767336e-04 -1.63387087e-02  9.33179321e-03
 -1.09073347e-02 -3.02324653e-03  2.41596501e-02 -3.80155259e-03
 -1.59515509e-02  1.75590277e-02 -7.42028764e-03 -3.37034486e-02
 -2.35493018e-02  2.39447982e-02  6.53262024e-03  1.03172965e-02
  2.21873201e-02  2.05096170e-03  1.13144291e-02 -5.16405047e-03
  3.14131467e-03  1.09776355e-02  3.09378084e-03  2.92824843e-02
  7.29365015e-03  8.11186808e-04 -1.57448705e-03  1.43035430e-02
 -4.35762462e-03  1.87590234e-02  4.02614134e-03  1.14116423e-02
  1.24136549e-02  9.08993846e-03  2.73698203e-03  2.28953916e-02
  6.00127379e-04 -6.60912525e-03  1.85784854e-02  1.07879557e-02
  3.33519607e-03 -4.43538608e-04  2.22104716e-03 -1.67222325e-03
 -1.42754607e-03  6.32839160e-03 -2.48297955e-02  1.25355863e-02
 -1.35597212e-02 -1.57913261e-03  1.43882167e-02  8.95482482e-03
 -2.00638377e-02 -1.68368238e-03  1.23566127e-02  9.52168531e-03
  5.17843349e-03  6.80247311e-03  1.00422577e-02  1.81711552e-03
  1.59554639e-02 -5.41059912e-04  5.64656188e-03  1.37692160e-02
  1.14865837e-02  1.65583377e-02  1.03290644e-02 -3.62089908e-02
  2.37768083e-02 -3.58100583e-03 -1.66338436e-03  1.75963156e-02
 -1.60812890e-02 -2.42743112e-02  3.75656212e-03 -3.50968763e-04
  1.61406783e-02 -1.92650251e-02  9.16031569e-03  1.02867533e-02
 -6.82863199e-03 -1.57916256e-02 -1.61784786e-02  1.33444550e-02
 -1.04950070e-02 -2.27828650e-02 -4.03393443e-03 -1.30814736e-02
 -1.63587132e-02 -1.09064860e-02  4.72140761e-03  1.13936613e-02
 -4.87528729e-03 -9.88508127e-03 -5.59711777e-03  1.94373501e-02
  4.34924639e-03 -1.97561152e-03 -7.04973513e-03  1.27701022e-02
  2.16446121e-03  8.39655945e-03  1.13689730e-02  8.03013792e-03
  9.17508181e-03  1.30744507e-02  1.89630726e-02  1.50336978e-02
 -7.76245723e-03 -1.02851739e-02 -9.55408238e-03 -1.15784843e-03
 -1.47427666e-02  7.78476555e-03  1.88282001e-02  1.14222122e-02
  8.33801962e-03  2.03768578e-02  9.14074575e-03 -1.97021207e-02
 -6.88283263e-03  3.37917871e-03  1.36160049e-02  1.23202697e-02
 -1.06002162e-02 -2.30690215e-02 -1.82959091e-02 -4.19268494e-03
  1.93888232e-02  9.81993019e-03  1.90056820e-03  1.01545321e-02
  4.74802887e-03  1.70117168e-02  1.53619663e-02  1.60046059e-02
  1.98883628e-03  1.31396135e-02 -1.81910132e-02  2.10520589e-02
 -6.77787508e-03 -1.22085061e-02 -8.81295250e-04  1.06033075e-02
  8.06275659e-03 -4.79760190e-03 -7.24964373e-03  1.99682040e-02
 -1.74303264e-03 -2.48196483e-02 -1.18474575e-02 -3.74426647e-02
 -9.84120547e-03  4.17206561e-03  4.29158627e-03 -2.30097262e-02
 -3.33399358e-03  5.55427386e-03  8.36760707e-03  1.40341458e-02
  2.90359534e-03  1.90020307e-02 -4.69962615e-03  1.64737585e-02
  5.00053889e-03  2.87745980e-03 -4.63491884e-03  1.42730396e-03
 -1.09160870e-04  7.62268839e-03  1.05329061e-02 -1.06408853e-02
 -4.02131830e-03  2.25836957e-03  2.42902628e-03 -7.36637645e-03
 -2.10744925e-03  2.25151023e-03 -4.10995174e-03  9.11933581e-03
 -2.03921163e-03  9.81944443e-03 -2.95817110e-02 -1.84244829e-02
 -1.44865479e-02  2.47659989e-02  1.25249212e-02 -2.43830279e-02
 -2.08552508e-02 -1.85623602e-02  8.74956925e-03  1.79827142e-03
  1.23633679e-02 -2.02533045e-03 -1.74478660e-03 -1.29386013e-02
  3.50063826e-03 -8.10326359e-03  5.40919835e-03 -5.12001954e-03
 -1.11101871e-02  8.74274097e-03  6.35356014e-03 -1.33209954e-02
 -6.59796652e-03  3.73177141e-03  5.86516357e-03 -8.34303188e-03
  5.08140528e-03  9.98231630e-03  4.14492813e-05 -1.33034861e-02
 -6.91373122e-03 -1.50183543e-04 -8.63626413e-03  5.90920136e-03
  1.45368477e-02  2.35666344e-02 -7.32609863e-04  7.78188861e-03
 -6.25081261e-03  2.25811709e-02 -9.89996364e-04  2.02513028e-02
  6.75943086e-03  3.38238152e-03 -6.70666570e-03  6.41431641e-03
  1.32325860e-02  2.11391515e-02  1.79913725e-02 -1.25321943e-02
 -1.17670678e-03  3.85226405e-03  1.24436615e-02  2.32211141e-03
 -5.04806165e-03  1.63317497e-02  1.84958859e-02  7.59723690e-04
 -4.55164172e-03  2.35320613e-03 -1.29430092e-02  1.86955400e-02
 -2.05125149e-03  9.67893342e-03  3.82328034e-02 -5.32317674e-03
 -6.11337447e-03  1.24557196e-02 -1.33297174e-02  1.79860518e-02
  1.30037573e-02 -6.63800856e-03 -3.18247964e-03  1.70189368e-02
  3.60893890e-03 -1.83319001e-02  1.28293789e-02 -1.25299423e-02
 -5.32834237e-03 -3.83510884e-04 -1.43053477e-02 -1.50542893e-02
 -1.24651703e-02 -2.40768816e-02  1.53950600e-02  2.80588082e-02
  1.60915629e-03 -2.98333284e-03 -1.43109409e-02  2.38287741e-02
 -1.92778448e-03 -1.24195625e-02  7.46478897e-04 -5.84396099e-03
 -2.71795746e-02 -1.74919290e-03  1.44885280e-02 -6.05451609e-04
 -1.98646488e-02  1.49348250e-02 -1.63557136e-03  7.55627625e-03
  1.10835219e-02 -1.29491511e-02 -8.01805249e-03  1.28654857e-03
  3.59863053e-03  3.19189297e-03  5.41681431e-03 -3.83393311e-03
  1.50604433e-02  8.22675294e-03 -2.06218381e-02 -1.15475797e-02
  2.68586467e-03 -1.80236704e-02 -3.45304600e-03 -4.37374995e-03
  8.09087362e-03  1.46872831e-02 -1.70893609e-03  1.42705186e-02
  2.51870855e-03 -6.69543084e-03  1.27372902e-03  4.74300858e-03
  2.09630489e-02  3.77373594e-03  8.94578010e-03  1.18487323e-02
 -7.45252731e-03  1.36961548e-02 -9.59938317e-03 -1.63219341e-02
 -3.95243031e-03  2.51025957e-02  2.79090484e-03 -2.06000948e-02
 -7.82533742e-03  3.10821150e-03 -1.03584163e-02 -1.34150590e-02
 -3.17859611e-03 -2.16476691e-03 -3.83715353e-03 -7.42932298e-03
  1.15306654e-02  1.55991036e-02  8.62079792e-04  6.23621891e-03
 -7.06556530e-03  4.06076135e-03  2.74151880e-04  1.96778829e-02
  1.73384565e-02 -4.61379797e-03 -1.29730349e-02  1.05927484e-02
  1.37119440e-02 -1.48753063e-02  2.30166409e-02 -7.90060274e-03
 -4.08116767e-03  6.10640715e-03  2.31847611e-02 -3.67453201e-03
 -4.62497149e-03  1.67329624e-03  2.95682144e-03  9.25374187e-03]